391.015445
391.01547
391.015495
391.01552
391.015545
391.01556999999997
391.01559499999996
391.01562
391.015645
391.01567
391.015695
391.01572
391.015745
391.01577
391.01581999999996
391.01581999999996
391.015845
391.01587
391.015895
391.01592
391.015945
391.01597
391.015995
391.01601999999997
391.01604499999996
391.01607
391.016095
391.01612
391.016145
391.01617
391.016195
391.01622
391.01624499999997
391.01626999999996
391.016295
391.01632
391.016345
391.01637
391.016395
391.01642
391.016445
391.01646999999997
391.01649499999996
391.01652
391.016545
391.01657
391.016595
391.01662
391.016645
391.01667
391.01669499999997
391.01671999999996
391.016745
391.01677
391.016795
391.01682
391.016845
391.01687
